2.520000000000000000e+02 1.000000000000000000e+00
3.670000000000000000e+02 1.000000000000000000e+00
6.190000000000000000e+02 1.000000000000000000e+00
7.340000000000000000e+02 1.000000000000000000e+00
9.860000000000000000e+02 1.000000000000000000e+00
1.100000000000000000e+03 1.000000000000000000e+00
1.352000000000000000e+03 1.000000000000000000e+00
1.467000000000000000e+03 1.000000000000000000e+00
1.719000000000000000e+03 1.000000000000000000e+00
1.834000000000000000e+03 1.000000000000000000e+00
2.086000000000000000e+03 1.000000000000000000e+00
2.201000000000000000e+03 1.000000000000000000e+00
2.453000000000000000e+03 1.000000000000000000e+00
2.567000000000000000e+03 1.000000000000000000e+00
2.819000000000000000e+03 1.000000000000000000e+00
2.934000000000000000e+03 1.000000000000000000e+00
3.186000000000000000e+03 1.000000000000000000e+00
3.301000000000000000e+03 1.000000000000000000e+00
4.378000000000000000e+03 1.000000000000000000e+00
4.493000000000000000e+03 1.000000000000000000e+00
4.745000000000000000e+03 1.000000000000000000e+00
4.860000000000000000e+03 1.000000000000000000e+00
5.112000000000000000e+03 1.000000000000000000e+00
5.227000000000000000e+03 1.000000000000000000e+00
5.479000000000000000e+03 1.000000000000000000e+00
5.594000000000000000e+03 1.000000000000000000e+00
5.846000000000000000e+03 1.000000000000000000e+00
5.961000000000000000e+03 1.000000000000000000e+00
6.213000000000000000e+03 1.000000000000000000e+00
6.328000000000000000e+03 1.000000000000000000e+00
6.580000000000000000e+03 1.000000000000000000e+00
6.695000000000000000e+03 1.000000000000000000e+00
6.947000000000000000e+03 1.000000000000000000e+00
7.062000000000000000e+03 1.000000000000000000e+00
7.107000000000000000e+03 1.000000000000000000e+00
7.162000000000000000e+03 1.000000000000000000e+00
7.162000000000000000e+03 1.000000000000000000e+00
7.163000000000000000e+03 1.000000000000000000e+00
7.268000000000000000e+03 1.000000000000000000e+00
7.279000000000000000e+03 1.000000000000000000e+00
7.314000000000000000e+03 1.000000000000000000e+00
7.429000000000000000e+03 1.000000000000000000e+00
8.255000000000000000e+03 1.000000000000000000e+00
8.492000000000000000e+03 1.000000000000000000e+00
8.607000000000000000e+03 1.000000000000000000e+00
8.859000000000000000e+03 1.000000000000000000e+00
8.974000000000000000e+03 1.000000000000000000e+00
9.226000000000000000e+03 1.000000000000000000e+00
9.341000000000000000e+03 1.000000000000000000e+00
9.593000000000000000e+03 1.000000000000000000e+00
9.708000000000000000e+03 1.000000000000000000e+00
9.960000000000000000e+03 1.000000000000000000e+00
1.007600000000000000e+04 1.000000000000000000e+00
1.032800000000000000e+04 1.000000000000000000e+00
1.044300000000000000e+04 1.000000000000000000e+00
1.069500000000000000e+04 1.000000000000000000e+00
1.081000000000000000e+04 1.000000000000000000e+00
1.106200000000000000e+04 1.000000000000000000e+00
1.117700000000000000e+04 1.000000000000000000e+00
1.142900000000000000e+04 1.000000000000000000e+00
1.154500000000000000e+04 1.000000000000000000e+00
1.260600000000000000e+04 1.000000000000000000e+00
1.272200000000000000e+04 1.000000000000000000e+00
1.297400000000000000e+04 1.000000000000000000e+00
1.308900000000000000e+04 1.000000000000000000e+00
1.334100000000000000e+04 1.000000000000000000e+00
1.345600000000000000e+04 1.000000000000000000e+00
1.370800000000000000e+04 1.000000000000000000e+00
1.382400000000000000e+04 1.000000000000000000e+00
1.407600000000000000e+04 1.000000000000000000e+00
1.419100000000000000e+04 1.000000000000000000e+00
1.444300000000000000e+04 1.000000000000000000e+00
1.455900000000000000e+04 1.000000000000000000e+00
1.481100000000000000e+04 1.000000000000000000e+00
1.492600000000000000e+04 1.000000000000000000e+00
1.517800000000000000e+04 1.000000000000000000e+00
1.529400000000000000e+04 1.000000000000000000e+00
1.554600000000000000e+04 1.000000000000000000e+00
1.566100000000000000e+04 1.000000000000000000e+00
1.671700000000000000e+04 1.000000000000000000e+00
1.683300000000000000e+04 1.000000000000000000e+00
1.708500000000000000e+04 1.000000000000000000e+00
1.720000000000000000e+04 1.000000000000000000e+00
1.745200000000000000e+04 1.000000000000000000e+00
1.756800000000000000e+04 1.000000000000000000e+00
1.782000000000000000e+04 1.000000000000000000e+00
1.793500000000000000e+04 1.000000000000000000e+00
1.818700000000000000e+04 1.000000000000000000e+00
1.830300000000000000e+04 1.000000000000000000e+00
1.830400000000000000e+04 1.000000000000000000e+00
1.855500000000000000e+04 1.000000000000000000e+00
1.867000000000000000e+04 1.000000000000000000e+00
1.892200000000000000e+04 1.000000000000000000e+00
1.903800000000000000e+04 1.000000000000000000e+00
1.929000000000000000e+04 1.000000000000000000e+00
1.940500000000000000e+04 1.000000000000000000e+00
1.965700000000000000e+04 1.000000000000000000e+00
1.977300000000000000e+04 1.000000000000000000e+00
2.083500000000000000e+04 1.000000000000000000e+00
2.095100000000000000e+04 1.000000000000000000e+00
2.120300000000000000e+04 1.000000000000000000e+00
2.131800000000000000e+04 1.000000000000000000e+00
2.157000000000000000e+04 1.000000000000000000e+00
2.168600000000000000e+04 1.000000000000000000e+00
2.193800000000000000e+04 1.000000000000000000e+00
2.205300000000000000e+04 1.000000000000000000e+00
2.230500000000000000e+04 1.000000000000000000e+00
2.242100000000000000e+04 1.000000000000000000e+00
2.267300000000000000e+04 1.000000000000000000e+00
2.278800000000000000e+04 1.000000000000000000e+00
2.304000000000000000e+04 1.000000000000000000e+00
2.315600000000000000e+04 1.000000000000000000e+00
2.340800000000000000e+04 1.000000000000000000e+00
2.352400000000000000e+04 1.000000000000000000e+00
2.377600000000000000e+04 1.000000000000000000e+00
2.389100000000000000e+04 1.000000000000000000e+00
2.495200000000000000e+04 1.000000000000000000e+00
2.506800000000000000e+04 1.000000000000000000e+00
2.532000000000000000e+04 1.000000000000000000e+00
2.543500000000000000e+04 1.000000000000000000e+00
2.568700000000000000e+04 1.000000000000000000e+00
2.580300000000000000e+04 1.000000000000000000e+00
2.605500000000000000e+04 1.000000000000000000e+00
2.617100000000000000e+04 1.000000000000000000e+00
2.642300000000000000e+04 1.000000000000000000e+00
2.653800000000000000e+04 1.000000000000000000e+00
2.679000000000000000e+04 1.000000000000000000e+00
2.690600000000000000e+04 1.000000000000000000e+00
2.715800000000000000e+04 1.000000000000000000e+00
2.727300000000000000e+04 1.000000000000000000e+00
2.752500000000000000e+04 1.000000000000000000e+00
2.764100000000000000e+04 1.000000000000000000e+00
2.789300000000000000e+04 1.000000000000000000e+00
2.800900000000000000e+04 1.000000000000000000e+00
2.907200000000000000e+04 1.000000000000000000e+00
2.918700000000000000e+04 1.000000000000000000e+00
2.943900000000000000e+04 1.000000000000000000e+00
2.955500000000000000e+04 1.000000000000000000e+00
2.980700000000000000e+04 1.000000000000000000e+00
2.992300000000000000e+04 1.000000000000000000e+00
3.017500000000000000e+04 1.000000000000000000e+00
3.029000000000000000e+04 1.000000000000000000e+00
3.054200000000000000e+04 1.000000000000000000e+00
3.065800000000000000e+04 1.000000000000000000e+00
3.091000000000000000e+04 1.000000000000000000e+00
3.102600000000000000e+04 1.000000000000000000e+00
3.127800000000000000e+04 1.000000000000000000e+00
3.139300000000000000e+04 1.000000000000000000e+00
3.164500000000000000e+04 1.000000000000000000e+00
3.176100000000000000e+04 1.000000000000000000e+00
3.201300000000000000e+04 1.000000000000000000e+00
3.212900000000000000e+04 1.000000000000000000e+00
3.319100000000000000e+04 1.000000000000000000e+00
3.330700000000000000e+04 1.000000000000000000e+00
3.355900000000000000e+04 1.000000000000000000e+00
3.367500000000000000e+04 1.000000000000000000e+00
3.392700000000000000e+04 1.000000000000000000e+00
3.404200000000000000e+04 1.000000000000000000e+00
3.429400000000000000e+04 1.000000000000000000e+00
3.441000000000000000e+04 1.000000000000000000e+00
3.466200000000000000e+04 1.000000000000000000e+00
3.477800000000000000e+04 1.000000000000000000e+00
3.503000000000000000e+04 1.000000000000000000e+00
3.514600000000000000e+04 1.000000000000000000e+00
3.539800000000000000e+04 1.000000000000000000e+00
3.551300000000000000e+04 1.000000000000000000e+00
3.576500000000000000e+04 1.000000000000000000e+00
3.588100000000000000e+04 1.000000000000000000e+00
3.613300000000000000e+04 1.000000000000000000e+00
3.624900000000000000e+04 1.000000000000000000e+00
3.731200000000000000e+04 1.000000000000000000e+00
3.742700000000000000e+04 1.000000000000000000e+00
3.767900000000000000e+04 1.000000000000000000e+00
3.779500000000000000e+04 1.000000000000000000e+00
3.804700000000000000e+04 1.000000000000000000e+00
3.816300000000000000e+04 1.000000000000000000e+00
3.841500000000000000e+04 1.000000000000000000e+00
3.853100000000000000e+04 1.000000000000000000e+00
3.878300000000000000e+04 1.000000000000000000e+00
3.889800000000000000e+04 1.000000000000000000e+00
3.915000000000000000e+04 1.000000000000000000e+00
3.926600000000000000e+04 1.000000000000000000e+00
3.951800000000000000e+04 1.000000000000000000e+00
3.963400000000000000e+04 1.000000000000000000e+00
3.988600000000000000e+04 1.000000000000000000e+00
4.000200000000000000e+04 1.000000000000000000e+00
4.025400000000000000e+04 1.000000000000000000e+00
4.037000000000000000e+04 1.000000000000000000e+00
4.143400000000000000e+04 1.000000000000000000e+00
4.155000000000000000e+04 1.000000000000000000e+00
4.180200000000000000e+04 1.000000000000000000e+00
4.191800000000000000e+04 1.000000000000000000e+00
4.217000000000000000e+04 1.000000000000000000e+00
4.228600000000000000e+04 1.000000000000000000e+00
4.253800000000000000e+04 1.000000000000000000e+00
4.265400000000000000e+04 1.000000000000000000e+00
4.290600000000000000e+04 1.000000000000000000e+00
4.302100000000000000e+04 1.000000000000000000e+00
4.327300000000000000e+04 1.000000000000000000e+00
4.338900000000000000e+04 1.000000000000000000e+00
4.364100000000000000e+04 1.000000000000000000e+00
4.375700000000000000e+04 1.000000000000000000e+00
4.400900000000000000e+04 1.000000000000000000e+00
4.412500000000000000e+04 1.000000000000000000e+00
4.437700000000000000e+04 1.000000000000000000e+00
4.449300000000000000e+04 1.000000000000000000e+00
4.555700000000000000e+04 1.000000000000000000e+00
4.567300000000000000e+04 1.000000000000000000e+00
4.592500000000000000e+04 1.000000000000000000e+00
4.604100000000000000e+04 1.000000000000000000e+00
4.629300000000000000e+04 1.000000000000000000e+00
4.640900000000000000e+04 1.000000000000000000e+00
4.666100000000000000e+04 1.000000000000000000e+00
4.677700000000000000e+04 1.000000000000000000e+00
4.702900000000000000e+04 1.000000000000000000e+00
4.714500000000000000e+04 1.000000000000000000e+00
4.739700000000000000e+04 1.000000000000000000e+00
4.751300000000000000e+04 1.000000000000000000e+00
4.776500000000000000e+04 1.000000000000000000e+00
4.788000000000000000e+04 1.000000000000000000e+00
4.813200000000000000e+04 1.000000000000000000e+00
4.824800000000000000e+04 1.000000000000000000e+00
4.850000000000000000e+04 1.000000000000000000e+00
4.861600000000000000e+04 1.000000000000000000e+00
4.967900000000000000e+04 1.000000000000000000e+00
4.979500000000000000e+04 1.000000000000000000e+00
5.004700000000000000e+04 1.000000000000000000e+00
5.016300000000000000e+04 1.000000000000000000e+00
5.041500000000000000e+04 1.000000000000000000e+00
5.053100000000000000e+04 1.000000000000000000e+00
5.078300000000000000e+04 1.000000000000000000e+00
5.089900000000000000e+04 1.000000000000000000e+00
5.115100000000000000e+04 1.000000000000000000e+00
5.126700000000000000e+04 1.000000000000000000e+00
5.151900000000000000e+04 1.000000000000000000e+00
5.163400000000000000e+04 1.000000000000000000e+00
5.188600000000000000e+04 1.000000000000000000e+00
5.200200000000000000e+04 1.000000000000000000e+00
5.225400000000000000e+04 1.000000000000000000e+00
5.237000000000000000e+04 1.000000000000000000e+00
5.262200000000000000e+04 1.000000000000000000e+00
5.273800000000000000e+04 1.000000000000000000e+00
5.380500000000000000e+04 1.000000000000000000e+00
5.392100000000000000e+04 1.000000000000000000e+00
5.417300000000000000e+04 1.000000000000000000e+00
5.428900000000000000e+04 1.000000000000000000e+00
5.454100000000000000e+04 1.000000000000000000e+00
5.465700000000000000e+04 1.000000000000000000e+00
5.490900000000000000e+04 1.000000000000000000e+00
5.502500000000000000e+04 1.000000000000000000e+00
5.527700000000000000e+04 1.000000000000000000e+00
5.539300000000000000e+04 1.000000000000000000e+00
5.564500000000000000e+04 1.000000000000000000e+00
5.576100000000000000e+04 1.000000000000000000e+00
5.601300000000000000e+04 1.000000000000000000e+00
5.612900000000000000e+04 1.000000000000000000e+00
5.638100000000000000e+04 1.000000000000000000e+00
5.649700000000000000e+04 1.000000000000000000e+00
5.674900000000000000e+04 1.000000000000000000e+00
5.686500000000000000e+04 1.000000000000000000e+00
5.793300000000000000e+04 1.000000000000000000e+00
5.805000000000000000e+04 1.000000000000000000e+00
5.830200000000000000e+04 1.000000000000000000e+00
5.841800000000000000e+04 1.000000000000000000e+00
5.867000000000000000e+04 1.000000000000000000e+00
5.878700000000000000e+04 1.000000000000000000e+00
5.903900000000000000e+04 1.000000000000000000e+00
5.915600000000000000e+04 1.000000000000000000e+00
5.940800000000000000e+04 1.000000000000000000e+00
5.952500000000000000e+04 1.000000000000000000e+00
5.977700000000000000e+04 1.000000000000000000e+00
5.989500000000000000e+04 1.000000000000000000e+00
6.014700000000000000e+04 1.000000000000000000e+00
6.026500000000000000e+04 1.000000000000000000e+00
6.051700000000000000e+04 1.000000000000000000e+00
6.063500000000000000e+04 1.000000000000000000e+00
6.088700000000000000e+04 1.000000000000000000e+00
6.100500000000000000e+04 1.000000000000000000e+00
6.206900000000000000e+04 1.000000000000000000e+00
6.218800000000000000e+04 1.000000000000000000e+00
6.244000000000000000e+04 1.000000000000000000e+00
6.255900000000000000e+04 1.000000000000000000e+00
6.281100000000000000e+04 1.000000000000000000e+00
6.292900000000000000e+04 1.000000000000000000e+00
6.318100000000000000e+04 1.000000000000000000e+00
6.330000000000000000e+04 1.000000000000000000e+00
6.355200000000000000e+04 1.000000000000000000e+00
6.367100000000000000e+04 1.000000000000000000e+00
6.392300000000000000e+04 1.000000000000000000e+00
6.404200000000000000e+04 1.000000000000000000e+00
6.429400000000000000e+04 1.000000000000000000e+00
6.441200000000000000e+04 1.000000000000000000e+00
6.466400000000000000e+04 1.000000000000000000e+00
6.478300000000000000e+04 1.000000000000000000e+00
6.503500000000000000e+04 1.000000000000000000e+00
6.515400000000000000e+04 1.000000000000000000e+00
6.622600000000000000e+04 1.000000000000000000e+00
6.634500000000000000e+04 1.000000000000000000e+00
6.659700000000000000e+04 1.000000000000000000e+00
6.671600000000000000e+04 1.000000000000000000e+00
6.696800000000000000e+04 1.000000000000000000e+00
6.708700000000000000e+04 1.000000000000000000e+00
6.733900000000000000e+04 1.000000000000000000e+00
6.745900000000000000e+04 1.000000000000000000e+00
6.771100000000000000e+04 1.000000000000000000e+00
6.783000000000000000e+04 1.000000000000000000e+00
6.808200000000000000e+04 1.000000000000000000e+00
6.820100000000000000e+04 1.000000000000000000e+00
6.845300000000000000e+04 1.000000000000000000e+00
6.857300000000000000e+04 1.000000000000000000e+00
6.882500000000000000e+04 1.000000000000000000e+00
6.894400000000000000e+04 1.000000000000000000e+00
6.919600000000000000e+04 1.000000000000000000e+00
6.931600000000000000e+04 1.000000000000000000e+00
7.037900000000000000e+04 1.000000000000000000e+00
7.049900000000000000e+04 1.000000000000000000e+00
7.075100000000000000e+04 1.000000000000000000e+00
7.087100000000000000e+04 1.000000000000000000e+00
7.112300000000000000e+04 1.000000000000000000e+00
7.124200000000000000e+04 1.000000000000000000e+00
7.149400000000000000e+04 1.000000000000000000e+00
7.161400000000000000e+04 1.000000000000000000e+00
7.186600000000000000e+04 1.000000000000000000e+00
7.198600000000000000e+04 1.000000000000000000e+00
7.223800000000000000e+04 1.000000000000000000e+00
7.235800000000000000e+04 1.000000000000000000e+00
7.261000000000000000e+04 1.000000000000000000e+00
7.273000000000000000e+04 1.000000000000000000e+00
7.298200000000000000e+04 1.000000000000000000e+00
7.310200000000000000e+04 1.000000000000000000e+00
7.335400000000000000e+04 1.000000000000000000e+00
7.347400000000000000e+04 1.000000000000000000e+00
7.453900000000000000e+04 1.000000000000000000e+00
7.466000000000000000e+04 1.000000000000000000e+00
7.491200000000000000e+04 1.000000000000000000e+00
7.503300000000000000e+04 1.000000000000000000e+00
7.528500000000000000e+04 1.000000000000000000e+00
7.540500000000000000e+04 1.000000000000000000e+00
7.565700000000000000e+04 1.000000000000000000e+00
7.577800000000000000e+04 1.000000000000000000e+00
7.603000000000000000e+04 1.000000000000000000e+00
7.615100000000000000e+04 1.000000000000000000e+00
7.640300000000000000e+04 1.000000000000000000e+00
7.652400000000000000e+04 1.000000000000000000e+00
7.677600000000000000e+04 1.000000000000000000e+00
7.689600000000000000e+04 1.000000000000000000e+00
7.714800000000000000e+04 1.000000000000000000e+00
7.726900000000000000e+04 1.000000000000000000e+00
7.752100000000000000e+04 1.000000000000000000e+00
7.764200000000000000e+04 1.000000000000000000e+00
7.871400000000000000e+04 1.000000000000000000e+00
7.883600000000000000e+04 1.000000000000000000e+00
7.908800000000000000e+04 1.000000000000000000e+00
7.920900000000000000e+04 1.000000000000000000e+00
7.946100000000000000e+04 1.000000000000000000e+00
7.958200000000000000e+04 1.000000000000000000e+00
7.983400000000000000e+04 1.000000000000000000e+00
7.995600000000000000e+04 1.000000000000000000e+00
8.020800000000000000e+04 1.000000000000000000e+00
8.032900000000000000e+04 1.000000000000000000e+00
8.058100000000000000e+04 1.000000000000000000e+00
8.070300000000000000e+04 1.000000000000000000e+00
8.095500000000000000e+04 1.000000000000000000e+00
8.107600000000000000e+04 1.000000000000000000e+00
8.132800000000000000e+04 1.000000000000000000e+00
8.145000000000000000e+04 1.000000000000000000e+00
8.170200000000000000e+04 1.000000000000000000e+00
8.182400000000000000e+04 1.000000000000000000e+00
8.288500000000000000e+04 1.000000000000000000e+00
8.300700000000000000e+04 1.000000000000000000e+00
8.325900000000000000e+04 1.000000000000000000e+00
8.338100000000000000e+04 1.000000000000000000e+00
8.363300000000000000e+04 1.000000000000000000e+00
8.375500000000000000e+04 1.000000000000000000e+00
8.400700000000000000e+04 1.000000000000000000e+00
8.412900000000000000e+04 1.000000000000000000e+00
8.438100000000000000e+04 1.000000000000000000e+00
8.450300000000000000e+04 1.000000000000000000e+00
8.475500000000000000e+04 1.000000000000000000e+00
8.487700000000000000e+04 1.000000000000000000e+00
8.512900000000000000e+04 1.000000000000000000e+00
8.525100000000000000e+04 1.000000000000000000e+00
8.550300000000000000e+04 1.000000000000000000e+00
8.562500000000000000e+04 1.000000000000000000e+00
8.587700000000000000e+04 1.000000000000000000e+00
8.599900000000000000e+04 1.000000000000000000e+00
8.706600000000000000e+04 1.000000000000000000e+00
8.718800000000000000e+04 1.000000000000000000e+00
8.744000000000000000e+04 1.000000000000000000e+00
8.756300000000000000e+04 1.000000000000000000e+00
8.781500000000000000e+04 1.000000000000000000e+00
8.793700000000000000e+04 1.000000000000000000e+00
8.818900000000000000e+04 1.000000000000000000e+00
8.831100000000000000e+04 1.000000000000000000e+00
8.856300000000000000e+04 1.000000000000000000e+00
8.868600000000000000e+04 1.000000000000000000e+00
8.893800000000000000e+04 1.000000000000000000e+00
8.906000000000000000e+04 1.000000000000000000e+00
8.931200000000000000e+04 1.000000000000000000e+00
8.943500000000000000e+04 1.000000000000000000e+00
8.968700000000000000e+04 1.000000000000000000e+00
8.980900000000000000e+04 1.000000000000000000e+00
9.006100000000000000e+04 1.000000000000000000e+00
9.018400000000000000e+04 1.000000000000000000e+00
9.124700000000000000e+04 1.000000000000000000e+00
9.137000000000000000e+04 1.000000000000000000e+00
9.162200000000000000e+04 1.000000000000000000e+00
9.174500000000000000e+04 1.000000000000000000e+00
9.199700000000000000e+04 1.000000000000000000e+00
9.212000000000000000e+04 1.000000000000000000e+00
9.237200000000000000e+04 1.000000000000000000e+00
9.249400000000000000e+04 1.000000000000000000e+00
9.274600000000000000e+04 1.000000000000000000e+00
9.286900000000000000e+04 1.000000000000000000e+00
9.312100000000000000e+04 1.000000000000000000e+00
9.324400000000000000e+04 1.000000000000000000e+00
9.349600000000000000e+04 1.000000000000000000e+00
9.361900000000000000e+04 1.000000000000000000e+00
9.387100000000000000e+04 1.000000000000000000e+00
9.399400000000000000e+04 1.000000000000000000e+00
9.424600000000000000e+04 1.000000000000000000e+00
9.436900000000000000e+04 1.000000000000000000e+00
9.543400000000000000e+04 1.000000000000000000e+00
9.555800000000000000e+04 1.000000000000000000e+00
9.581000000000000000e+04 1.000000000000000000e+00
9.593300000000000000e+04 1.000000000000000000e+00
9.618500000000000000e+04 1.000000000000000000e+00
9.630800000000000000e+04 1.000000000000000000e+00
9.656000000000000000e+04 1.000000000000000000e+00
9.668300000000000000e+04 1.000000000000000000e+00
9.693500000000000000e+04 1.000000000000000000e+00
9.705900000000000000e+04 1.000000000000000000e+00
9.731100000000000000e+04 1.000000000000000000e+00
9.743400000000000000e+04 1.000000000000000000e+00
9.768600000000000000e+04 1.000000000000000000e+00
9.781000000000000000e+04 1.000000000000000000e+00
9.806200000000000000e+04 1.000000000000000000e+00
9.818500000000000000e+04 1.000000000000000000e+00
9.843700000000000000e+04 1.000000000000000000e+00
9.856100000000000000e+04 1.000000000000000000e+00
9.963100000000000000e+04 1.000000000000000000e+00
9.975500000000000000e+04 1.000000000000000000e+00
1.000070000000000000e+05 1.000000000000000000e+00
1.001300000000000000e+05 1.000000000000000000e+00
1.003820000000000000e+05 1.000000000000000000e+00
1.005060000000000000e+05 1.000000000000000000e+00
1.007580000000000000e+05 1.000000000000000000e+00
1.008820000000000000e+05 1.000000000000000000e+00
1.011340000000000000e+05 1.000000000000000000e+00
1.012580000000000000e+05 1.000000000000000000e+00
1.015100000000000000e+05 1.000000000000000000e+00
1.016340000000000000e+05 1.000000000000000000e+00
1.018860000000000000e+05 1.000000000000000000e+00
1.020100000000000000e+05 1.000000000000000000e+00
1.022620000000000000e+05 1.000000000000000000e+00
1.023860000000000000e+05 1.000000000000000000e+00
1.026380000000000000e+05 1.000000000000000000e+00
1.027620000000000000e+05 1.000000000000000000e+00
1.038320000000000000e+05 1.000000000000000000e+00
1.039560000000000000e+05 1.000000000000000000e+00
1.042080000000000000e+05 1.000000000000000000e+00
1.043330000000000000e+05 1.000000000000000000e+00
1.045850000000000000e+05 1.000000000000000000e+00
1.047090000000000000e+05 1.000000000000000000e+00
1.049610000000000000e+05 1.000000000000000000e+00
1.050850000000000000e+05 1.000000000000000000e+00
1.053370000000000000e+05 1.000000000000000000e+00
1.054610000000000000e+05 1.000000000000000000e+00
1.057130000000000000e+05 1.000000000000000000e+00
1.058380000000000000e+05 1.000000000000000000e+00
1.060900000000000000e+05 1.000000000000000000e+00
1.062140000000000000e+05 1.000000000000000000e+00
1.064660000000000000e+05 1.000000000000000000e+00
1.065910000000000000e+05 1.000000000000000000e+00
1.068430000000000000e+05 1.000000000000000000e+00
1.069670000000000000e+05 1.000000000000000000e+00
1.080390000000000000e+05 1.000000000000000000e+00
1.081640000000000000e+05 1.000000000000000000e+00
1.084160000000000000e+05 1.000000000000000000e+00
1.085410000000000000e+05 1.000000000000000000e+00
1.087930000000000000e+05 1.000000000000000000e+00
1.089170000000000000e+05 1.000000000000000000e+00
1.091690000000000000e+05 1.000000000000000000e+00
1.092940000000000000e+05 1.000000000000000000e+00
1.095460000000000000e+05 1.000000000000000000e+00
1.096710000000000000e+05 1.000000000000000000e+00
1.099230000000000000e+05 1.000000000000000000e+00
1.100480000000000000e+05 1.000000000000000000e+00
1.103000000000000000e+05 1.000000000000000000e+00
1.104250000000000000e+05 1.000000000000000000e+00
1.106770000000000000e+05 1.000000000000000000e+00
1.108020000000000000e+05 1.000000000000000000e+00
1.110540000000000000e+05 1.000000000000000000e+00
1.111780000000000000e+05 1.000000000000000000e+00
1.122520000000000000e+05 1.000000000000000000e+00
1.123770000000000000e+05 1.000000000000000000e+00
1.126290000000000000e+05 1.000000000000000000e+00
1.127540000000000000e+05 1.000000000000000000e+00
1.130060000000000000e+05 1.000000000000000000e+00
1.131320000000000000e+05 1.000000000000000000e+00
1.133840000000000000e+05 1.000000000000000000e+00
1.135090000000000000e+05 1.000000000000000000e+00
1.137610000000000000e+05 1.000000000000000000e+00
1.138860000000000000e+05 1.000000000000000000e+00
1.141380000000000000e+05 1.000000000000000000e+00
1.142640000000000000e+05 1.000000000000000000e+00
1.145160000000000000e+05 1.000000000000000000e+00
1.146410000000000000e+05 1.000000000000000000e+00
1.148930000000000000e+05 1.000000000000000000e+00
1.150180000000000000e+05 1.000000000000000000e+00
1.152700000000000000e+05 1.000000000000000000e+00
1.153960000000000000e+05 1.000000000000000000e+00
1.164680000000000000e+05 1.000000000000000000e+00
1.165940000000000000e+05 1.000000000000000000e+00
1.168460000000000000e+05 1.000000000000000000e+00
1.169710000000000000e+05 1.000000000000000000e+00
1.172230000000000000e+05 1.000000000000000000e+00
1.173490000000000000e+05 1.000000000000000000e+00
1.176010000000000000e+05 1.000000000000000000e+00
1.177270000000000000e+05 1.000000000000000000e+00
1.179790000000000000e+05 1.000000000000000000e+00
1.181050000000000000e+05 1.000000000000000000e+00
1.183570000000000000e+05 1.000000000000000000e+00
1.184830000000000000e+05 1.000000000000000000e+00
1.187350000000000000e+05 1.000000000000000000e+00
1.188610000000000000e+05 1.000000000000000000e+00
1.191130000000000000e+05 1.000000000000000000e+00
1.192390000000000000e+05 1.000000000000000000e+00
1.194910000000000000e+05 1.000000000000000000e+00
1.196170000000000000e+05 1.000000000000000000e+00
1.206880000000000000e+05 1.000000000000000000e+00
1.208150000000000000e+05 1.000000000000000000e+00
1.210670000000000000e+05 1.000000000000000000e+00
1.211940000000000000e+05 1.000000000000000000e+00
1.214460000000000000e+05 1.000000000000000000e+00
1.215720000000000000e+05 1.000000000000000000e+00
1.218240000000000000e+05 1.000000000000000000e+00
1.219510000000000000e+05 1.000000000000000000e+00
1.222030000000000000e+05 1.000000000000000000e+00
1.223310000000000000e+05 1.000000000000000000e+00
1.225830000000000000e+05 1.000000000000000000e+00
1.227100000000000000e+05 1.000000000000000000e+00
1.229620000000000000e+05 1.000000000000000000e+00
1.230900000000000000e+05 1.000000000000000000e+00
1.233420000000000000e+05 1.000000000000000000e+00
1.234700000000000000e+05 1.000000000000000000e+00
1.237220000000000000e+05 1.000000000000000000e+00
1.238510000000000000e+05 1.000000000000000000e+00
1.249270000000000000e+05 1.000000000000000000e+00
1.250560000000000000e+05 1.000000000000000000e+00
1.253080000000000000e+05 1.000000000000000000e+00
1.254380000000000000e+05 1.000000000000000000e+00
1.256900000000000000e+05 1.000000000000000000e+00
1.258200000000000000e+05 1.000000000000000000e+00
1.260720000000000000e+05 1.000000000000000000e+00
1.262030000000000000e+05 1.000000000000000000e+00
